#gen	min	avg
0	170	276,6
1	170	255,725
2	170	241,225
3	170	253,55
4	170	233,2
5	170	253,675
6	170	265,6
7	170	245,875
8	170	242,1
9	170	246,85
10	170	248,7
11	165	244,25
12	165	242,425
13	165	228,7
14	165	234,375
15	165	237,025
16	146	240,225
17	146	241,05
18	146	231,025
19	146	224,6
20	146	219,625
21	144	217,8
22	144	215,525
23	144	225,05
24	144	223,825
25	144	225,4
26	144	236,525
27	144	243,425
28	144	255,675
29	144	239,575
30	144	254,25
31	144	224,525
32	144	218,025
33	144	220,0
34	144	229,425
35	144	224,55
36	144	240,875
37	144	238,55
38	144	229,825
39	144	238,55
40	144	251,975
41	144	243,275
42	144	250,35
43	144	238,35
44	144	240,425
45	144	234,375
46	144	223,6
47	144	234,15
48	144	222,425
49	144	220,125
50	144	234,925
51	144	213,2
52	144	210,6
53	144	212,325
54	144	213,825
55	144	203,425
56	144	209,9
57	144	201,775
58	144	201,1
59	144	206,5
60	144	220,625
61	144	226,8
62	144	244,65
63	144	219,175
64	144	212,725
65	144	209,775
66	144	219,5
67	144	226,525
68	144	209,525
69	144	195,625
70	144	195,725
71	144	200,25
72	144	203,675
73	144	206,35
74	144	206,9
75	144	196,325
76	144	195,8
77	144	193,875
78	144	219,375
79	144	235,55
80	144	220,8
81	144	239,325
82	144	225,1
83	144	236,15
84	144	229,35
85	144	223,25
86	144	217,85
87	144	233,975
88	144	230,225
89	144	230,025
90	144	207,675
91	144	228,975
92	144	230,675
93	144	221,95
94	144	206,85
95	144	209,9
96	144	225,125
97	144	221,7
98	144	210,575
99	144	215,875
100	144	223,3
101	144	220,85
102	144	230,075
103	144	224,75
104	144	226,45
105	144	236,125
106	144	235,5
107	144	235,5
108	144	218,975
109	144	213,75
110	144	195,8
111	144	228,875
112	144	212,725
113	144	224,45
114	144	220,35
115	144	217,625
116	144	224,025
117	144	222,025
118	144	227,675
119	144	210,2
120	144	209,6
121	144	225,75
122	144	223,175
123	144	217,7
124	144	226,6
125	144	251,275
126	144	238,125
127	144	249,225
128	144	227,0
129	144	224,475
130	144	219,4
131	144	231,425
132	144	224,2
133	144	226,55
134	144	232,025
135	144	234,55
136	144	252,575
137	144	235,7
138	144	239,975
139	144	238,55
140	144	220,625
141	144	219,025
142	144	206,6
143	144	207,55
144	144	205,575
145	144	225,1
146	144	217,7
147	144	207,775
148	144	233,425
149	144	220,025
150	144	233,475
151	144	232,675
152	144	225,525
153	144	220,075
154	144	240,15
155	144	223,575
156	144	234,25
157	144	224,95
158	144	245,675
159	144	231,25
160	144	236,525
161	144	221,625
162	144	221,825
163	144	225,65
164	144	221,625
165	144	243,95
166	144	248,0
167	144	232,175
168	144	225,075
169	144	239,2
170	144	226,325
171	144	228,35
172	144	237,375
173	144	240,625
174	144	224,8
175	144	219,125
176	144	237,125
177	144	236,6
178	144	242,175
179	144	231,425
180	144	221,35
181	144	219,625
182	144	208,75
183	144	207,525
184	144	211,75
185	144	207,6
186	144	201,175
187	144	209,225
188	144	215,875
189	144	215,05
190	144	235,6
191	144	216,4
192	144	214,6
193	144	221,25
194	144	227,15
195	144	238,9
196	144	225,175
197	144	228,15
198	144	230,6
199	144	231,375
200	144	218,325
201	144	217,025
202	144	211,425
203	144	219,675
204	144	236,975
205	144	239,625
206	144	231,05
207	144	224,7
208	144	211,825
209	144	214,8
210	144	224,45
211	144	222,65
212	144	206,6
213	144	230,8
214	144	217,825
215	144	210,925
216	144	231,7
217	144	218,2
218	144	215,475
219	144	222,05
220	144	220,875
221	144	245,75
222	144	233,45
223	144	242,4
224	144	242,45
225	144	224,525
226	144	218,65
227	144	232,5
228	144	226,9
229	144	229,75
230	144	238,475
231	144	246,25
232	144	229,15
233	144	234,8
234	144	226,9
235	144	227,925
236	144	234,025
237	144	216,2
238	144	224,7
239	144	201,9
240	144	211,15
241	144	227,2
242	144	231,05
243	144	221,875
244	144	231,975
245	144	242,95
246	144	243,925
247	144	231,625
248	144	227,875
249	144	238,05
250	144	223,625
251	144	231,55
252	144	219,875
253	144	236,625
254	144	243,5
255	144	243,85
256	144	235,1
257	144	229,2
258	144	223,25
259	144	212,275
260	144	202,575
261	144	214,725
262	144	236,4
263	144	243,1
264	144	249,925
265	144	245,375
266	144	245,0
267	144	242,175
268	144	237,75
269	144	228,75
270	144	226,025
271	144	204,55
272	144	232,225
273	144	245,775
274	144	240,775
275	144	236,325
276	144	227,425
277	144	217,4
278	144	219,225
279	144	218,1
280	144	226,075
281	144	232,5
282	144	243,25
283	144	234,025
284	144	214,625
285	144	226,05
286	144	226,2
287	144	222,375
288	144	219,975
289	144	224,4
290	144	228,5
291	144	232,375
292	144	218,175
293	144	224,075
294	144	211,65
295	144	199,325
296	144	193,4
297	144	212,4
298	144	234,325
299	144	217,775
300	144	226,475
301	144	201,175
302	144	196,875
303	144	190,7
304	144	200,075
305	144	208,925
306	144	235,55
307	144	231,475
308	144	234,25
309	144	224,1
310	144	214,75
311	144	205,8
312	144	228,275
313	144	244,5
314	144	249,125
315	144	227,65
316	144	234,675
317	144	248,475
318	144	241,075
319	144	232,875
320	144	223,425
321	144	242,225
322	144	245,3
323	144	226,65
324	144	208,175
325	144	209,525
326	144	222,275
327	144	219,75
328	144	208,175
329	144	238,25
330	144	226,15
331	144	227,5
332	144	218,625
333	144	217,5
334	144	227,725
335	144	221,025
336	144	214,0
337	144	210,025
338	144	205,5
339	144	218,5
340	144	218,525
341	144	210,975
342	144	212,075
343	144	209,725
344	144	203,75
345	144	196,325
346	144	211,825
347	144	215,575
348	144	217,75
349	144	212,55
350	144	235,475
351	144	240,9
352	144	226,825
353	144	225,725
354	144	242,125
355	144	247,1
356	144	246,175
357	144	233,225
358	144	221,1
359	144	217,775
360	144	213,8
361	144	209,25
362	144	221,625
363	144	214,5
364	144	214,45
365	144	227,675
366	133	242,175
367	133	237,75
368	133	222,975
369	133	210,75
370	133	213,5
371	133	233,275
372	133	234,4
373	133	233,1
374	133	233,2
375	133	240,9
376	128	229,775
377	128	225,225
378	128	217,175
379	128	232,775
380	128	207,95
381	128	204,775
382	128	217,9
383	128	233,925
384	128	222,6
385	128	222,7
386	128	229,775
387	128	243,525
388	128	238,7
389	128	244,875
390	128	234,85
391	128	230,475
392	128	223,15
393	128	222,05
394	128	208,2
395	128	223,4
396	128	229,95
397	128	230,325
398	128	238,7
399	128	216,15
400	128	218,775
401	128	227,325
402	128	219,9
403	128	204,275
404	128	229,425
405	128	250,125
406	128	237,575
407	128	228,625
408	128	230,525
409	128	223,975
410	128	233,45
411	128	248,7
412	128	247,475
413	128	254,975
414	128	251,125
415	128	255,825
416	128	243,1
417	128	231,225
418	128	226,125
419	128	217,6
420	128	235,825
421	128	237,6
422	128	219,5
423	128	220,625
424	128	227,625
425	128	236,45
426	128	247,8
427	128	237,95
428	128	223,6
429	128	220,45
430	128	217,95
431	128	222,125
432	128	227,3
433	128	214,975
434	128	220,275
435	128	213,85
436	128	240,375
437	128	237,6
438	128	224,325
439	128	210,6
440	128	210,6
441	128	195,875
442	128	202,425
443	128	226,375
444	128	222,35
445	128	236,85
446	128	238,075
447	128	227,1
448	128	224,125
449	128	218,175
450	128	228,775
451	128	233,675
452	128	213,3
453	128	230,475
454	128	231,075
455	128	234,95
456	128	249,825
457	128	229,65
458	128	239,775
459	128	247,55
460	128	247,85
461	128	230,4
462	128	240,125
463	128	228,125
464	128	235,35
465	128	237,35
466	128	228,975
467	128	224,05
468	128	221,55
469	128	229,325
470	128	235,325
471	128	219,975
472	128	220,825
473	128	217,85
474	128	232,4
475	128	227,725
476	128	219,575
477	128	220,525
478	128	222,6
479	128	237,0
480	128	224,875
481	128	213,15
482	128	211,425
483	128	232,8
484	128	218,025
485	128	204,125
486	128	210,375
487	128	221,75
488	128	222,6
489	128	241,3
490	128	231,25
491	128	224,7
492	128	208,55
493	128	228,725
494	128	226,775
495	128	256,675
496	128	236,8
497	128	231,1
498	128	229,25
499	128	222,9
500	128	237,275
501	128	226,85
502	128	216,825
503	128	228,875
504	128	222,525
505	128	224,725
506	128	243,9
507	128	241,0
508	128	219,15
509	128	219,475
510	128	239,3
511	128	226,35
512	128	204,95
513	128	201,95
514	128	212,95
515	128	206,025
516	128	240,4
517	128	231,5
518	128	222,5
519	128	216,225
520	128	222,925
521	128	214,9
522	128	229,1
523	128	225,525
524	128	222,1
525	128	231,0
526	128	217,7
527	128	222,175
528	128	196,725
529	128	210,725
530	128	196,75
531	128	209,55
532	128	206,125
533	128	210,175
534	128	230,95
535	128	227,775
536	128	242,475
537	128	238,275
538	128	238,3
539	128	235,85
540	128	220,35
541	128	211,75
542	128	210,875
543	128	229,875
544	128	229,6
545	128	218,375
546	128	223,5
547	128	209,175
548	128	231,1
549	128	221,675
550	128	228,775
551	128	239,2
552	128	228,975
553	128	226,5
554	128	240,975
555	128	227,6
556	128	226,15
557	128	220,175
558	128	214,05
559	128	233,425
560	128	245,1
561	128	238,3
562	128	216,625
563	128	200,65
564	128	217,65
565	128	203,05
566	128	226,5
567	128	227,475
568	128	225,125
569	128	222,8
570	128	212,925
571	128	212,125
572	128	215,825
573	128	213,35
574	128	215,525
575	128	214,15
576	128	238,425
577	128	229,525
578	128	223,375
579	128	225,175
580	128	235,425
581	128	238,225
582	128	242,025
583	128	234,075
584	128	219,8
585	128	221,775
586	128	228,375
587	128	220,375
588	128	221,45
589	128	241,95
590	128	232,375
591	128	230,7
592	128	251,775
593	128	241,025
594	128	231,5
595	128	223,2
596	128	221,675
597	128	225,025
598	128	234,85
599	128	237,625
600	128	218,0
601	128	218,65
602	128	214,075
603	128	243,55
604	128	240,175
605	128	247,625
606	128	235,625
607	128	232,875
608	128	229,075
609	128	234,125
610	128	239,2
611	128	246,325
612	128	234,925
613	128	236,425
614	128	246,3
615	128	247,475
616	128	238,25
617	128	226,8
618	128	219,675
619	128	224,375
620	128	242,625
621	128	225,05
622	128	231,475
623	128	221,3
624	128	215,125
625	128	221,475
626	128	240,3
627	128	227,85
628	128	242,8
629	128	254,275
630	128	246,175
631	128	232,3
632	128	240,175
633	128	228,775
634	128	225,25
635	128	226,6
636	128	215,3
637	128	226,55
638	128	237,95
639	128	237,475
640	128	224,6
641	128	213,325
642	128	224,6
643	128	227,95
644	128	226,975
645	128	214,825
646	128	218,35
647	128	223,65
648	128	220,25
649	128	230,6
650	128	211,675
651	128	215,1
652	128	228,1
653	128	224,025
654	128	212,375
655	128	215,575
656	128	226,875
657	128	226,525
658	128	225,825
659	128	220,75
660	128	191,2
661	128	188,25
662	128	221,575
663	128	218,45
664	128	207,075
665	128	230,825
666	128	223,625
667	128	206,525
668	128	221,45
669	128	212,225
670	128	216,8
671	128	196,775
672	128	188,2
673	128	183,95
674	128	192,925
675	128	209,575
676	128	220,725
677	128	209,8
678	128	231,35
679	128	215,75
680	128	222,275
681	128	211,8
682	128	210,55
683	128	202,0
684	128	194,75
685	128	183,875
686	128	189,825
687	128	184,5
688	128	193,775
689	128	192,925
690	128	214,975
691	128	215,325
692	128	187,075
693	128	183,575
694	128	188,275
695	128	200,95
696	128	189,0
697	128	205,35
698	128	194,95
699	128	205,9
700	128	202,3
701	128	218,175
702	128	206,725
703	128	209,325
704	128	199,675
705	128	219,825
706	128	235,15
707	128	232,1
708	128	219,825
709	128	221,35
710	128	215,775
711	128	228,55
712	128	219,2
713	128	220,15
714	128	218,325
715	128	210,225
716	128	202,45
717	128	215,7
718	128	227,575
719	128	216,475
720	128	211,1
721	128	217,075
722	128	198,775
723	128	199,75
724	128	218,675
725	128	220,25
726	128	220,825
727	128	211,225
728	128	204,25
729	128	192,325
730	128	181,0
731	128	187,625
732	128	197,775
733	128	186,575
734	128	186,45
735	128	223,6
736	128	227,3
737	128	210,725
738	128	203,825
739	128	200,325
740	128	216,175
741	128	228,4
742	128	241,775
743	128	228,4
744	128	231,95
745	128	228,0
746	128	224,3
747	128	217,65
748	128	216,3
749	128	216,125
750	128	209,725
751	128	206,075
752	128	237,45
753	128	229,325
754	128	220,475
755	128	240,125
756	128	228,425
757	128	234,425
758	128	240,875
759	128	236,2
760	128	229,925
761	128	228,475
762	128	222,075
763	128	223,85
764	128	218,525
765	128	226,075
766	128	214,625
767	128	208,375
768	128	204,0
769	128	190,425
770	128	199,2
771	128	195,7
772	128	193,575
773	128	206,575
774	128	197,4
775	128	210,925
776	128	209,575
777	128	214,4
778	128	218,575
779	128	210,15
best route:
Brasília -> Caracas -> Bogotá -> Lima -> Santiago -> Salvador -> Porto Alegre -> São Paulo -> Rio de Janeiro -> Belo Horizonte -> Brasília
with total distance: 128
