#gen	min	avg
0	172	264,275
1	172	254,375
2	172	245,075
3	172	242,125
4	172	233,675
5	172	227,55
6	172	227,4
7	172	229,425
8	172	219,825
9	172	221,1
10	172	215,525
11	172	216,05
12	172	217,025
13	172	216,2
14	172	213,35
15	172	208,575
16	172	206,925
17	172	206,1
18	172	202,15
19	172	203,275
20	172	202,875
21	167	202,3
22	167	203,45
23	167	200,325
24	167	201,275
25	167	197,0
26	167	190,225
27	167	191,275
28	167	194,075
29	167	195,425
30	167	201,825
31	167	201,875
32	165	189,725
33	165	189,125
34	165	184,15
35	165	189,775
36	165	188,775
37	165	187,75
38	165	185,35
39	165	194,7
40	165	192,4
41	165	193,9
42	165	191,85
43	165	185,55
44	165	185,725
45	165	185,325
46	165	180,8
47	165	186,6
48	165	182,625
49	165	183,35
50	165	182,625
51	165	182,225
52	165	182,725
53	165	179,5
54	165	185,225
55	164	179,625
56	164	187,225
57	164	185,9
58	164	183,8
59	164	182,275
60	164	185,15
61	164	184,425
62	164	182,4
63	164	180,95
64	164	181,8
65	164	192,35
66	164	187,475
67	164	177,325
68	164	182,65
69	164	180,425
70	164	180,0
71	164	183,075
72	164	182,45
73	164	187,275
74	164	179,275
75	164	177,0
76	164	188,325
77	164	185,5
78	164	183,9
79	164	188,35
80	164	178,925
81	164	181,5
82	164	178,275
83	152	194,675
84	152	190,725
85	152	188,925
86	152	185,35
87	152	188,875
88	152	187,275
89	152	183,35
90	152	180,775
91	152	179,3
92	152	178,325
93	152	184,375
94	152	178,1
95	152	173,425
96	152	172,225
97	152	173,6
98	152	178,65
99	152	170,125
100	152	173,85
101	152	173,675
102	152	186,95
103	152	184,45
104	152	180,75
105	152	187,25
106	152	179,925
107	152	180,25
108	152	173,175
109	152	175,85
110	152	179,05
111	152	177,95
112	152	177,55
113	152	175,175
114	145	180,75
115	145	173,875
116	145	186,625
117	145	173,0
118	145	171,225
119	145	178,9
120	145	173,125
121	145	179,225
122	145	171,225
123	145	172,675
124	145	181,95
125	145	181,15
126	145	179,65
127	145	182,325
128	145	182,75
129	145	176,925
130	145	180,55
131	133	169,0
132	133	170,525
133	133	165,775
134	133	171,925
135	133	171,925
136	133	171,1
137	133	167,7
138	133	169,875
139	133	173,3
140	133	176,5
141	133	171,725
142	133	171,15
143	133	169,45
144	133	172,475
145	133	169,4
146	133	169,825
147	133	165,275
148	133	166,275
149	133	166,525
150	133	192,9
151	133	188,25
152	133	183,65
153	128	177,525
154	128	167,725
155	128	171,15
156	128	168,125
157	128	166,05
158	128	162,175
159	128	161,05
160	128	171,15
161	128	169,525
162	128	168,55
163	128	172,775
164	128	171,875
165	128	169,05
166	128	172,25
167	128	168,5
168	128	162,675
169	128	158,675
170	128	173,375
171	128	167,925
172	128	158,475
173	128	166,425
174	128	159,225
175	128	168,2
176	128	169,6
177	128	163,875
178	128	158,3
179	128	162,85
180	128	173,9
181	128	168,175
182	128	163,6
183	128	162,125
184	128	161,125
185	128	167,425
186	128	163,2
187	128	162,625
188	128	161,825
189	128	157,05
190	128	168,025
191	128	162,525
192	128	162,175
193	128	161,15
194	128	159,225
195	128	158,575
196	128	156,6
197	128	160,3
198	128	156,675
199	128	155,85
200	128	168,575
201	128	164,725
202	128	163,775
203	128	160,2
204	128	157,525
205	128	156,875
206	128	160,5
207	128	162,275
208	128	170,775
209	128	162,95
210	128	161,175
211	128	157,575
212	128	164,075
213	128	159,975
214	128	158,0
215	128	161,55
216	128	172,125
217	128	160,4
218	128	171,45
219	128	166,725
220	128	165,075
221	128	158,15
222	128	154,45
223	128	155,4
224	128	158,175
225	128	152,975
226	128	155,725
227	128	159,125
228	128	160,575
229	128	162,075
230	128	160,95
231	128	159,375
232	128	158,375
233	128	157,7
234	128	155,475
235	128	159,875
236	128	170,6
237	128	166,275
238	128	165,375
239	128	161,525
240	128	160,25
241	128	166,25
242	128	165,55
243	128	160,85
244	128	167,15
245	128	165,925
246	128	160,075
247	128	157,1
248	128	158,65
249	128	155,025
250	128	161,775
251	128	168,725
252	128	168,125
253	128	166,45
254	128	161,125
255	128	158,725
256	128	156,25
257	128	155,225
258	128	167,8
259	128	163,875
260	128	165,125
261	128	163,95
262	128	162,675
263	128	156,95
264	128	163,825
265	128	162,1
266	128	160,725
267	128	159,35
268	128	154,55
269	128	158,525
270	128	159,375
271	128	156,225
272	128	157,5
273	128	168,55
274	128	163,525
275	128	166,525
276	128	160,4
277	128	156,675
278	128	155,5
279	128	166,075
280	128	165,3
281	128	159,025
282	128	157,85
283	128	161,675
284	128	163,9
285	128	156,6
286	128	159,95
287	128	160,525
288	128	157,925
289	128	165,525
290	128	166,425
291	128	160,525
292	128	155,475
293	128	163,85
294	128	160,775
295	128	158,2
296	128	153,675
297	128	153,75
298	128	171,1
299	128	166,85
300	128	162,5
301	128	156,225
302	128	156,95
303	128	157,475
304	128	153,825
305	128	154,2
306	128	155,975
307	128	172,8
308	128	167,85
309	128	162,45
310	128	156,225
311	128	160,2
312	128	177,425
313	128	173,1
314	128	174,075
315	128	168,95
316	128	166,45
317	128	168,9
318	128	165,475
319	128	157,175
320	128	155,975
321	128	156,025
322	128	156,825
323	128	170,35
324	128	161,475
325	128	159,3
326	128	157,8
327	128	161,85
328	128	161,6
329	128	161,6
330	128	153,375
331	128	152,75
332	128	169,05
333	128	167,425
334	128	165,0
335	128	158,85
336	128	158,95
337	128	155,8
338	128	154,425
339	128	154,175
340	128	160,025
341	128	162,475
342	128	160,15
343	128	160,9
344	128	158,675
345	128	160,85
346	128	157,7
347	128	162,075
348	128	155,725
349	128	149,75
350	128	163,375
351	128	159,4
352	128	154,15
353	128	151,0
354	128	161,425
355	128	158,95
356	128	167,025
357	128	162,3
358	128	157,05
359	128	163,275
360	128	166,525
361	128	161,575
362	128	162,7
363	128	164,575
364	128	165,275
365	128	165,525
366	128	173,45
367	128	171,075
368	128	164,575
369	128	160,175
370	128	155,475
371	128	153,975
372	128	168,775
373	128	168,2
374	128	164,5
375	128	163,975
376	128	156,525
377	128	155,725
378	128	156,7
379	128	156,1
380	128	177,4
381	128	171,325
382	128	167,775
383	128	168,325
384	128	160,175
385	128	164,15
386	128	161,55
387	128	166,875
388	128	164,05
389	128	159,875
390	128	163,65
391	128	161,125
392	128	167,125
393	128	157,525
394	128	154,125
395	128	154,675
396	128	155,05
397	128	151,7
398	128	156,625
399	128	156,65
400	128	160,325
401	128	168,375
402	128	164,475
403	128	159,275
404	128	158,025
405	128	157,775
406	128	156,15
407	128	158,125
408	128	154,875
409	128	157,575
410	128	156,375
411	128	151,825
412	128	150,95
413	128	155,575
414	128	151,75
415	128	151,475
416	128	154,8
417	128	156,025
418	128	159,85
419	128	158,725
420	128	162,975
421	128	158,8
422	128	157,975
423	128	166,425
424	128	164,875
425	128	159,425
426	128	157,775
427	128	156,4
428	128	155,05
429	128	166,25
430	128	164,825
431	128	164,15
432	128	164,9
433	128	160,65
434	128	159,7
435	128	163,6
436	128	161,4
437	128	156,225
438	128	154,475
439	128	152,775
440	128	160,925
441	128	160,875
442	128	158,05
443	128	156,8
444	128	159,725
445	128	168,425
446	128	161,025
447	128	160,625
448	128	158,9
449	128	154,05
450	128	154,35
451	128	176,225
452	128	172,95
453	128	169,1
454	128	160,175
455	128	163,7
456	128	157,8
457	128	156,625
458	128	152,6
459	128	151,925
460	128	153,6
461	128	168,925
462	128	159,15
463	128	161,075
464	128	162,25
465	128	157,75
466	128	162,725
467	128	164,125
468	128	162,7
469	128	168,225
470	128	161,325
471	128	160,6
472	128	158,125
473	128	160,05
474	128	160,7
475	128	161,75
476	128	164,75
477	128	155,95
478	128	158,725
479	128	162,375
480	128	162,225
481	128	162,55
482	128	164,475
483	128	166,625
484	128	162,0
485	128	158,725
486	128	163,35
487	128	167,225
488	128	165,6
489	128	158,875
490	128	160,4
491	128	159,15
492	128	162,65
493	128	161,875
494	128	157,6
495	128	156,3
496	128	156,0
497	128	155,125
498	128	161,65
499	128	155,85
500	128	161,375
501	128	159,15
502	128	158,45
503	128	155,3
504	128	151,65
505	128	153,975
506	128	153,85
507	128	157,425
508	128	151,525
509	128	158,95
510	128	154,725
511	128	151,725
512	128	153,075
513	128	152,125
514	128	154,225
515	128	154,45
516	128	151,85
517	128	152,0
518	128	152,625
519	128	164,25
520	128	161,05
521	128	154,85
522	128	155,3
523	128	153,75
524	128	161,65
525	128	161,05
526	128	155,325
527	128	158,675
528	128	155,9
529	128	154,325
530	128	153,45
531	128	156,6
532	128	156,425
533	128	159,425
534	128	151,725
535	128	154,95
536	128	156,8
537	128	155,925
538	128	154,175
539	128	153,575
540	128	152,425
541	128	160,825
542	128	160,875
543	128	157,15
544	128	161,375
545	128	161,6
546	128	159,85
547	128	170,85
548	128	166,8
549	128	162,75
550	128	159,375
551	128	164,475
552	128	165,925
553	128	159,6
554	128	154,375
555	128	155,625
556	128	154,2
557	128	155,075
558	128	153,325
559	128	159,575
560	128	157,7
561	128	153,3
562	128	150,7
563	128	156,425
564	128	157,25
565	128	168,5
566	128	160,225
567	128	157,25
568	128	160,9
569	128	158,525
570	128	168,975
571	128	164,1
572	128	170,0
573	128	165,7
574	128	161,4
575	128	153,775
576	128	152,6
577	128	156,875
578	128	167,05
579	128	161,175
580	128	167,5
581	128	164,525
582	128	162,675
583	128	155,6
584	128	154,7
585	128	171,65
586	128	170,05
587	128	165,8
588	128	168,175
589	128	163,35
590	128	161,4
591	128	164,775
592	128	168,025
593	128	165,275
594	128	159,65
595	128	158,875
596	128	158,075
597	128	163,225
598	128	162,4
599	128	161,6
600	128	157,25
601	128	155,95
602	128	156,225
603	128	157,725
604	128	160,825
605	128	159,375
606	128	158,5
607	128	157,0
608	128	159,625
609	128	162,95
610	128	159,375
611	128	156,275
612	128	163,25
613	128	158,075
614	128	154,025
615	128	152,75
616	128	154,025
617	128	153,025
618	128	151,475
619	128	152,95
620	128	150,525
621	128	156,375
622	128	159,2
623	128	153,975
624	128	164,95
625	128	161,125
626	128	166,925
627	128	161,05
628	128	158,0
629	128	159,925
630	128	156,9
631	128	156,6
632	128	153,275
633	128	166,725
634	128	161,675
635	128	172,75
636	128	165,4
637	128	162,1
638	128	160,5
639	128	168,8
640	128	161,575
641	128	161,7
642	128	156,4
643	128	155,0
644	128	169,275
645	128	162,125
646	128	162,85
647	128	161,85
648	128	168,1
649	128	168,975
650	128	159,075
651	128	156,8
652	128	153,475
653	128	155,5
654	128	154,55
655	128	166,475
656	128	163,4
657	128	161,175
658	128	158,525
659	128	160,575
660	128	158,95
661	128	160,875
662	128	157,55
663	128	153,0
664	128	152,45
665	128	152,35
666	128	179,775
667	128	172,55
668	128	174,075
669	128	171,275
670	128	169,4
671	128	169,85
672	128	176,3
673	128	167,5
674	128	169,3
675	128	168,275
676	128	166,2
677	128	169,95
678	128	163,725
679	128	162,725
680	128	158,225
681	128	157,625
682	128	167,125
683	128	163,05
684	128	155,2
685	128	157,3
686	128	152,225
687	128	154,725
688	128	151,1
689	128	155,85
690	128	160,475
691	128	163,725
692	128	162,925
693	128	156,7
694	128	156,375
695	128	166,075
696	128	168,125
697	128	160,3
698	128	155,75
699	128	157,275
700	128	162,825
701	128	155,825
702	128	154,65
703	128	155,175
704	128	159,725
705	128	156,675
706	128	159,0
707	128	156,7
708	128	150,35
709	128	157,475
710	128	155,525
711	128	149,85
712	128	160,525
713	128	158,275
714	128	168,95
715	128	167,525
716	128	156,075
717	128	159,45
718	128	152,65
719	128	160,675
720	128	155,375
721	128	154,25
722	128	154,575
723	128	152,65
724	128	157,85
725	128	172,3
726	128	170,75
727	128	163,3
728	128	164,4
729	128	159,525
730	128	163,55
731	128	156,9
732	128	161,1
733	128	160,3
734	128	155,675
735	128	152,7
736	128	151,9
737	128	155,9
738	128	154,1
739	128	161,825
740	128	159,25
741	128	164,45
742	128	157,15
743	128	155,875
744	128	155,35
745	128	154,175
746	128	151,375
747	128	150,725
748	128	167,2
749	128	163,425
750	128	161,625
751	128	156,475
752	128	161,825
753	128	157,225
754	128	155,9
755	128	163,0
756	128	156,3
757	128	159,2
758	128	161,8
759	128	154,6
760	128	155,35
761	128	151,35
762	128	156,825
763	128	157,275
764	128	162,25
765	128	159,125
766	128	160,875
767	128	160,725
768	128	155,0
769	128	155,625
770	128	151,925
771	128	157,825
772	128	157,175
773	128	162,2
774	128	161,5
775	128	161,6
776	128	166,475
777	128	168,9
778	128	161,95
779	128	160,975
780	128	157,55
781	128	161,55
782	128	159,225
783	128	157,55
784	128	160,75
785	128	164,55
786	128	157,125
787	128	155,05
788	128	155,925
789	128	156,775
790	128	166,475
791	128	164,9
792	128	171,35
793	128	168,925
794	128	161,35
795	128	158,3
796	128	161,65
797	128	157,625
798	128	156,2
799	128	154,6
800	128	162,45
801	128	161,5
802	128	163,225
803	128	159,725
804	128	155,25
805	128	159,3
806	128	156,875
807	128	164,875
808	128	160,375
809	128	160,875
810	128	161,6
811	128	158,05
812	128	152,175
813	128	152,5
814	128	166,925
815	128	162,125
816	128	159,375
817	128	156,45
818	128	153,35
819	128	159,15
820	128	155,925
821	128	152,8
822	128	159,85
823	128	167,675
824	128	160,575
825	128	166,675
826	128	162,85
827	128	164,7
828	128	160,075
829	128	163,45
830	128	159,0
831	128	163,05
832	128	162,975
833	128	164,05
834	128	160,775
835	128	161,925
836	128	159,225
837	128	154,125
838	128	153,275
839	128	154,85
840	128	174,675
841	128	165,4
842	128	157,625
843	128	156,6
844	128	155,225
845	128	155,15
846	128	157,65
847	128	159,55
848	128	160,85
849	128	157,525
850	128	153,575
851	128	152,925
852	128	151,55
853	128	156,05
854	128	156,0
855	128	152,925
856	128	155,225
857	128	159,8
858	128	156,8
859	128	163,875
860	128	159,175
861	128	155,5
862	128	157,075
863	128	156,2
864	128	157,95
865	128	160,175
866	128	161,325
867	128	160,2
868	128	161,5
869	128	158,875
870	128	163,775
871	128	155,575
872	128	163,025
873	128	161,975
874	128	160,15
875	128	154,725
876	128	167,2
877	128	164,8
878	128	163,7
879	128	161,675
880	128	166,35
881	128	161,2
882	128	160,175
883	128	155,025
884	128	154,925
885	128	152,55
886	128	161,325
887	128	158,325
888	128	156,5
889	128	156,1
890	128	150,9
891	128	151,575
892	128	153,6
893	128	152,55
894	128	153,875
895	128	154,875
896	128	158,55
897	128	155,475
898	128	157,25
899	128	165,125
900	128	161,35
901	128	160,725
902	128	157,45
903	128	155,1
904	128	154,25
905	128	154,325
906	128	162,475
907	128	153,575
908	128	164,6
909	128	157,6
910	128	163,425
911	128	161,2
912	128	160,85
913	128	159,5
914	128	155,45
915	128	166,525
916	128	164,1
917	128	161,4
918	128	159,5
919	128	157,1
920	128	158,925
921	128	159,775
922	128	157,925
923	128	156,225
924	128	154,75
925	128	157,3
926	128	156,825
927	128	155,425
928	128	153,8
929	128	153,875
930	128	155,95
931	128	156,825
932	128	154,3
933	128	162,3
934	128	161,475
935	128	159,675
936	128	159,625
937	128	156,15
938	128	155,5
939	128	155,75
940	128	162,525
941	128	158,775
942	128	154,05
943	128	155,25
944	128	157,25
945	128	155,4
946	128	154,325
947	128	163,3
948	128	154,825
949	128	154,3
950	128	155,7
951	128	152,1
952	128	161,05
953	128	161,35
954	128	167,45
955	128	167,45
956	128	162,325
957	128	162,8
958	128	168,85
959	128	163,475
960	128	163,125
961	128	158,375
962	128	161,925
963	128	164,625
964	128	161,95
965	128	165,55
966	128	157,375
967	128	157,8
968	128	157,15
969	128	156,425
970	128	154,45
971	128	152,95
972	128	155,225
973	128	161,675
974	128	162,325
975	128	160,625
976	128	153,75
977	128	157,725
978	128	155,9
979	128	153,7
980	128	153,775
981	128	153,25
982	128	157,0
983	128	160,025
984	128	156,1
985	128	154,025
986	128	154,225
987	128	155,775
988	128	153,35
989	128	156,075
990	128	161,6
991	128	158,075
992	128	155,4
993	128	159,425
994	128	160,925
995	128	159,175
996	128	160,5
997	128	165,45
998	128	168,2
999	128	165,075
best route:
Brasília -> Caracas -> Bogotá -> Lima -> Santiago -> Salvador -> Porto Alegre -> São Paulo -> Rio de Janeiro -> Belo Horizonte -> Brasília
with total distance: 128
