#gen	min	avg
0	196	270.25
1	174	244.55
2	174	236.35
3	174	226.975
4	174	228.4
5	174	220.525
6	174	223.65
7	174	215.8
8	174	211.65
9	174	218.45
10	174	211.675
11	171	207.725
12	166	199.75
13	166	197.075
14	161	198.725
15	161	195.1
16	161	195.3
17	161	199.925
18	161	191.925
19	161	197.2
20	161	202.925
21	161	200.25
22	161	186.1
23	161	187.6
24	161	195.725
25	161	194.925
26	161	194.275
27	161	192.55
28	161	193.3
29	161	193.5
30	161	196.575
31	161	190.925
32	161	191.475
33	161	194.775
34	161	192.275
35	161	188.525
36	161	193.3
37	160	194.075
38	160	188.325
39	160	197.65
40	160	194.275
41	160	193.825
42	160	197.125
43	160	185.55
44	160	194.325
45	160	193.55
46	150	193.9
47	150	189.025
48	150	194.275
49	150	202.35
50	150	197.225
51	150	192.675
52	145	192.625
53	145	185.925
54	145	187.25
55	145	189.075
56	145	192.675
57	144	184.175
58	144	182.675
59	144	186.0
60	144	193.425
61	144	187.8
62	144	187.85
63	144	187.1
64	144	191.875
65	144	185.425
66	141	191.9
67	141	182.3
68	141	192.7
69	141	190.5
70	136	177.425
71	136	181.45
72	136	187.85
73	136	182.375
74	136	185.35
75	136	191.175
76	136	181.1
77	136	188.075
78	136	178.55
79	136	175.725
80	136	181.525
81	136	176.675
82	136	182.475
83	136	179.35
84	136	185.45
85	136	183.625
86	136	194.075
87	136	179.9
88	136	182.25
89	136	179.2
90	136	174.225
91	136	183.65
92	136	187.7
93	136	177.775
94	136	179.2
95	136	176.65
96	136	178.875
97	136	184.65
98	136	177.225
99	136	180.725
100	136	190.25
101	136	174.6
102	136	176.9
103	136	178.1
104	136	178.1
105	136	187.675
106	136	181.8
107	136	177.0
108	136	176.85
109	136	182.85
110	136	182.725
111	136	181.325
112	136	173.7
113	136	178.7
114	136	173.5
115	136	181.375
116	136	180.925
117	136	177.1
118	136	177.125
119	136	176.725
120	136	181.3
121	128	178.675
122	128	175.775
123	128	179.75
124	128	177.825
125	128	179.675
126	128	174.125
127	128	178.325
128	128	172.475
129	128	176.775
130	128	184.3
131	128	181.825
132	128	184.025
133	128	165.5
134	128	174.125
135	128	176.675
136	128	179.4
137	128	169.825
138	128	172.225
139	128	172.7
140	128	174.075
141	128	181.4
142	128	169.7
143	128	168.375
144	128	177.05
145	128	169.45
146	128	179.625
147	128	173.675
148	128	177.025
149	128	170.45
150	128	178.775
151	128	173.625
152	128	175.7
153	128	180.45
154	128	183.525
155	128	180.95
156	128	184.225
157	128	173.325
158	128	172.325
159	128	176.45
160	128	181.975
161	128	181.1
162	128	169.825
163	128	180.05
164	128	174.425
165	128	176.125
166	128	176.025
167	128	171.65
168	128	178.9
169	128	167.95
170	128	175.4
171	128	178.95
172	128	174.175
173	128	173.2
174	128	174.05
175	128	169.725
176	128	168.875
177	128	170.0
178	128	173.75
179	128	170.6
180	128	185.65
181	128	172.8
182	128	182.4
183	128	177.15
184	128	168.75
185	128	178.25
186	128	179.325
187	128	181.5
188	128	177.375
189	128	171.825
190	128	176.7
191	128	166.95
192	128	173.4
193	128	176.725
194	128	183.2
195	128	178.95
196	128	167.475
197	128	172.925
198	128	177.2
199	128	172.725
200	128	181.725
201	128	174.075
202	128	172.875
203	128	171.85
204	128	183.675
205	128	174.825
206	128	173.825
207	128	178.95
208	128	171.575
209	128	177.475
210	128	182.875
211	128	180.525
212	128	178.85
213	128	170.225
214	128	178.8
215	128	177.825
216	128	176.125
217	128	185.05
218	128	179.925
219	128	183.1
220	128	183.85
221	128	183.4
222	128	179.25
223	128	174.925
224	128	184.55
225	128	166.05
226	128	174.75
227	128	181.05
228	128	172.825
229	128	171.75
230	128	170.875
231	128	174.325
232	128	176.625
233	128	180.725
234	128	178.675
235	128	178.225
236	128	173.05
237	128	170.15
238	128	174.425
239	128	165.925
240	128	167.75
241	128	177.425
242	128	172.7
243	128	170.125
244	128	177.65
245	128	174.725
246	128	174.625
247	128	181.625
248	128	175.45
249	128	174.95
250	128	172.675
251	128	175.725
252	128	169.85
253	128	174.525
254	128	167.3
255	128	170.475
256	128	175.6
257	128	174.5
258	128	179.1
259	128	177.275
260	128	181.225
261	128	178.65
262	128	173.35
263	128	180.3
264	128	178.8
265	128	177.6
266	128	176.85
267	128	180.75
268	128	170.2
269	128	176.6
270	128	173.675
271	128	175.65
272	128	179.1
273	128	173.225
274	128	175.725
275	128	173.575
276	128	173.75
277	128	170.975
278	128	170.025
279	128	172.8
280	128	172.25
281	128	169.125
282	128	180.725
283	128	177.8
284	128	173.8
285	128	173.375
286	128	177.625
287	128	175.225
288	128	175.425
289	128	173.2
290	128	180.95
291	128	180.25
292	128	173.5
293	128	172.925
294	128	173.8
295	128	179.625
296	128	178.975
297	128	179.125
298	128	177.3
299	128	178.8
300	128	173.2
301	128	164.25
302	128	173.225
303	128	181.975
304	128	174.675
305	128	176.275
306	128	168.575
307	128	179.275
308	128	179.95
309	128	175.625
310	128	171.45
311	128	179.5
312	128	173.2
313	128	178.675
314	128	183.45
315	128	176.725
316	128	174.375
317	128	176.525
318	128	176.5
319	128	173.025
320	128	178.0
321	128	167.05
322	128	174.55
323	128	170.05
324	128	176.825
325	128	180.3
326	128	173.25
327	128	183.125
328	128	170.275
329	128	169.5
330	128	181.075
331	128	174.225
332	128	175.225
333	128	175.575
334	128	174.55
335	128	178.225
336	128	176.4
337	128	177.4
338	128	177.4
339	128	174.025
340	128	171.275
341	128	169.075
342	128	175.1
343	128	176.3
344	128	178.25
345	128	171.675
346	128	174.675
347	128	173.8
348	128	179.675
349	128	180.125
350	128	175.3
351	128	177.625
352	128	175.675
353	128	176.4
354	128	176.05
355	128	170.8
356	128	169.0
357	128	175.325
358	128	175.725
359	128	178.225
360	128	178.025
361	128	181.375
362	128	185.6
363	128	176.95
364	128	182.75
365	128	186.35
366	128	174.425
367	128	178.575
368	128	178.075
369	128	177.25
370	128	188.675
371	128	173.9
372	128	175.7
373	128	175.6
374	128	178.35
375	128	182.075
376	128	179.825
377	128	179.725
378	128	176.1
379	128	178.15
380	128	170.275
381	128	178.325
382	128	182.275
383	128	172.625
384	128	177.675
385	128	174.875
386	128	173.425
387	128	182.2
388	128	184.075
389	128	180.45
390	128	174.675
391	128	178.525
392	128	175.15
393	128	178.75
394	128	175.4
395	128	176.825
396	128	171.25
397	128	161.85
398	128	181.775
399	128	170.35
400	128	176.475
401	128	180.6
402	128	175.45
403	128	180.625
404	128	177.325
405	128	177.175
406	128	177.025
407	128	178.35
408	128	177.075
409	128	177.375
410	128	180.75
411	128	168.375
412	128	173.5
413	128	175.3
414	128	183.925
415	128	173.15
416	128	177.075
417	128	173.925
418	128	168.175
419	128	177.975
420	128	183.35
421	128	177.25
422	128	180.275
423	128	173.825
424	128	183.125
425	128	174.35
426	128	173.925
427	128	181.875
428	128	176.7
429	128	180.475
430	128	179.775
431	128	176.65
432	128	176.775
433	128	177.475
434	128	175.5
435	128	176.5
436	128	174.725
437	128	178.0
438	128	168.75
439	128	170.65
440	128	173.825
441	128	180.175
442	128	167.375
443	128	179.225
444	128	177.2
445	128	179.725
446	128	185.9
447	128	178.85
448	128	176.35
449	128	173.75
450	128	180.275
451	128	176.725
452	128	173.625
453	128	170.925
454	128	175.35
455	128	176.475
456	128	173.175
457	128	183.35
458	128	182.725
459	128	177.2
460	128	181.45
461	128	184.275
462	128	174.5
463	128	170.25
464	128	178.15
465	128	175.925
466	128	168.875
467	128	166.25
468	128	171.6
469	128	176.175
470	128	176.55
471	128	181.25
472	128	179.5
473	128	180.175
474	128	175.675
475	128	173.6
476	128	171.125
477	128	175.65
478	128	174.625
479	128	182.575
480	128	178.075
481	128	183.45
482	128	194.45
483	128	177.9
484	128	174.725
485	128	173.075
486	128	177.9
487	128	175.8
488	128	178.925
489	128	176.85
490	128	177.5
491	128	180.2
492	128	171.475
493	128	175.025
494	128	171.275
495	128	179.775
496	128	177.8
497	128	181.975
498	128	178.9
499	128	169.95
500	128	177.425
501	128	172.25
502	128	171.65
503	128	175.5
504	128	178.1
505	128	183.75
506	128	182.625
507	128	178.675
508	128	181.325
509	128	176.05
510	128	184.425
511	128	184.125
512	128	168.325
513	128	171.275
514	128	177.35
515	128	174.15
516	128	175.225
517	128	171.55
518	128	175.55
519	128	185.0
520	128	185.9
521	128	179.6
522	128	181.375
523	128	179.2
524	128	170.875
525	128	179.175
526	128	177.325
527	128	187.8
528	128	178.375
529	128	179.125
530	128	183.0
531	128	173.875
532	128	171.45
533	128	178.125
534	128	172.6
535	128	171.725
536	128	171.4
537	128	175.9
538	128	181.375
539	128	173.75
540	128	176.875
541	128	171.65
542	128	173.675
543	128	180.825
544	128	180.875
545	128	179.1
546	128	176.8
547	128	184.4
548	128	177.675
549	128	175.2
550	128	177.425
551	128	178.45
552	128	174.15
553	128	178.35
554	128	168.475
555	128	175.825
556	128	173.775
557	128	172.3
558	128	181.45
559	128	173.3
560	128	176.9
561	128	180.15
562	128	180.15
563	128	179.45
564	128	184.825
565	128	187.75
566	128	174.25
567	128	175.575
568	128	174.675
569	128	172.45
570	128	178.45
571	128	183.7
572	128	180.35
573	128	181.65
574	128	181.175
575	128	172.925
576	128	171.95
577	128	171.55
578	128	178.325
579	128	180.45
580	128	175.4
581	128	178.675
582	128	179.3
583	128	177.775
584	128	177.9
585	128	175.75
586	128	169.3
587	128	173.525
588	128	177.85
589	128	171.025
590	128	179.15
591	128	182.625
592	128	182.425
593	128	174.975
594	128	175.425
595	128	185.425
596	128	174.925
597	128	175.5
598	128	176.875
599	128	185.75
600	128	175.175
601	128	176.425
602	128	176.275
603	128	182.15
604	128	180.725
605	128	179.575
606	128	177.25
607	128	169.35
608	128	176.725
609	128	170.875
610	128	178.325
611	128	177.975
612	128	179.825
613	128	177.15
614	128	176.275
615	128	175.125
616	128	185.875
617	128	177.4
618	128	181.225
619	128	180.05
620	128	173.7
621	128	178.075
622	128	175.525
623	128	176.175
624	128	178.45
625	128	184.4
626	128	181.775
627	128	175.65
628	128	174.15
629	128	174.4
630	128	168.9
631	128	185.175
632	128	180.55
633	128	174.35
634	128	172.75
635	128	176.875
636	128	172.675
637	128	177.85
638	128	171.2
639	128	185.05
640	128	175.2
641	128	178.225
642	128	175.675
643	128	176.15
644	128	167.3
645	128	183.775
646	128	178.5
647	128	175.125
648	128	171.7
649	128	178.15
650	128	176.3
651	128	176.1
652	128	175.55
653	128	177.825
654	128	177.85
655	128	175.85
656	128	173.275
657	128	172.95
658	128	177.1
659	128	174.275
660	128	181.825
661	128	176.175
662	128	175.9
663	128	178.2
664	128	173.125
665	128	172.95
666	128	182.225
667	128	179.675
668	128	170.875
669	128	170.85
670	128	182.175
671	128	172.375
672	128	175.275
673	128	172.25
674	128	178.6
675	128	174.375
676	128	186.1
677	128	173.2
678	128	169.65
679	128	181.8
680	128	177.5
681	128	179.525
682	128	174.75
683	128	178.375
684	128	171.175
685	128	185.125
686	128	180.55
687	128	178.675
688	128	174.875
689	128	176.35
690	128	173.075
691	128	182.125
692	128	184.625
693	128	178.9
694	128	175.325
695	128	174.125
696	128	170.45
697	128	174.275
698	128	176.45
699	128	183.15
700	128	167.3
701	128	181.225
702	128	172.125
703	128	180.325
704	128	179.375
705	128	175.85
706	128	172.15
707	128	178.7
708	128	180.35
709	128	177.0
710	128	171.85
711	128	176.375
712	128	184.925
713	128	180.55
714	128	172.775
715	128	175.425
716	128	174.275
717	128	174.7
718	128	175.225
719	128	179.375
720	128	174.225
721	128	172.275
722	128	175.525
723	128	182.65
724	128	174.4
725	128	180.7
726	128	177.825
727	128	180.15
728	128	176.95
729	128	178.45
730	128	169.1
731	128	177.15
732	128	183.0
733	128	170.525
734	128	177.3
735	128	181.0
736	128	183.55
737	128	184.3
738	128	183.525
739	128	179.175
740	128	167.025
741	128	168.7
742	128	177.325
743	128	182.575
744	128	177.95
745	128	179.55
746	128	171.925
747	128	178.325
748	128	174.075
749	128	168.675
750	128	173.425
751	128	176.025
752	128	178.3
753	128	179.675
754	128	180.075
755	128	175.025
756	128	172.975
757	128	177.575
758	128	176.25
759	128	171.6
760	128	175.15
761	128	182.45
762	128	175.275
763	128	174.525
764	128	177.9
765	128	174.45
766	128	182.5
767	128	174.25
768	128	175.65
769	128	181.1
770	128	184.625
771	128	177.3
772	128	171.875
773	128	179.125
774	128	174.0
775	128	172.675
776	128	177.35
777	128	173.775
778	128	169.375
779	128	171.3
780	128	179.375
781	128	179.6
782	128	173.575
783	128	180.475
784	128	171.125
785	128	175.45
786	128	177.25
787	128	176.8
788	128	175.625
789	128	180.875
790	128	177.75
791	128	178.075
792	128	177.5
793	128	176.225
794	128	180.475
795	128	182.225
796	128	179.925
797	128	172.45
798	128	174.275
799	128	176.25
800	128	172.375
801	128	171.2
802	128	180.475
803	128	175.0
804	128	179.3
805	128	183.0
806	128	178.3
807	128	183.4
808	128	170.225
809	128	167.625
810	128	186.725
811	128	176.5
812	128	173.8
813	128	174.825
814	128	175.5
815	128	167.9
816	128	176.525
817	128	174.775
818	128	181.4
819	128	180.4
820	128	186.55
821	128	174.7
822	128	174.75
823	128	177.0
824	128	175.625
825	128	179.875
826	128	178.15
827	128	176.35
828	128	175.8
829	128	172.85
830	128	171.0
831	128	172.575
832	128	177.025
833	128	180.65
834	128	181.75
835	128	177.975
836	128	176.5
837	128	178.4
838	128	185.925
839	128	178.75
840	128	177.5
841	128	178.575
842	128	174.0
843	128	175.5
844	128	182.225
845	128	181.25
846	128	180.225
847	128	179.8
848	128	176.75
849	128	170.775
850	128	179.875
851	128	182.425
852	128	173.45
853	128	182.425
854	128	175.95
855	128	174.225
856	128	171.9
857	128	178.9
858	128	167.575
859	128	172.825
860	128	180.65
861	128	177.725
862	128	176.425
863	128	176.15
864	128	180.5
865	128	178.125
866	128	174.45
867	128	180.875
868	128	178.15
869	128	182.5
870	128	185.275
871	128	178.95
872	128	178.375
873	128	173.975
874	128	175.7
875	128	175.8
876	128	173.25
877	128	185.2
878	128	178.725
879	128	179.025
880	128	175.7
881	128	176.175
882	128	175.625
883	128	181.3
884	128	171.2
885	128	177.75
886	128	183.05
887	128	174.875
888	128	184.475
889	128	173.7
890	128	172.75
891	128	181.15
892	128	172.125
893	128	175.7
894	128	177.875
895	128	180.725
896	128	177.225
897	128	176.325
898	128	174.6
899	128	168.375
900	128	176.3
901	128	176.575
902	128	171.35
903	128	171.225
904	128	172.475
905	128	175.0
906	128	176.025
907	128	183.25
908	128	175.75
909	128	178.1
910	128	177.075
911	128	170.0
912	128	179.3
913	128	176.45
914	128	169.925
915	128	173.475
916	128	171.375
917	128	174.475
918	128	180.45
919	128	173.1
920	128	179.925
921	128	167.1
922	128	181.25
923	128	168.725
924	128	171.2
925	128	180.45
926	128	179.625
927	128	177.825
928	128	170.0
929	128	172.975
930	128	183.825
931	128	168.125
932	128	171.05
933	128	173.55
934	128	178.275
935	128	174.275
936	128	179.85
937	128	177.225
938	128	173.575
939	128	181.625
940	128	171.975
941	128	176.25
942	128	171.4
943	128	178.725
944	128	177.525
945	128	177.7
946	128	171.625
947	128	179.325
948	128	179.625
949	128	174.8
950	128	167.875
951	128	177.1
952	128	180.0
953	128	183.475
954	128	176.175
955	128	174.4
956	128	173.275
957	128	176.45
958	128	174.55
959	128	173.225
960	128	177.475
961	128	171.225
962	128	173.35
963	128	170.175
964	128	174.7
965	128	173.825
966	128	177.65
967	128	178.425
968	128	170.775
969	128	169.725
970	128	178.75
971	128	166.525
972	128	172.25
973	128	175.775
974	128	172.25
975	128	183.225
976	128	181.925
977	128	172.325
978	128	180.075
979	128	174.3
980	128	177.3
981	128	172.5
982	128	174.525
983	128	178.675
984	128	179.475
985	128	176.0
986	128	177.8
987	128	173.85
988	128	167.65
989	128	174.975
990	128	179.2
991	128	175.675
992	128	175.775
993	128	175.0
994	128	183.475
995	128	174.9
996	128	178.475
997	128	174.6
998	128	175.425
999	128	173.475
best route:
Brasília -> Belo Horizonte -> Rio de Janeiro -> São Paulo -> Porto Alegre -> Salvador -> Santiago -> Lima -> Bogotá -> Caracas -> Brasília
with total distance: 128
